113.54356744411062,28.18941055392119
113.5105790428804,28.15073614140341
113.55378884122098,28.20506539506779
113.52171135710499,28.179244006993777
113.51743179395642,28.174321525414392
113.52266669293007,28.188914192611282
113.53643139162553,28.16169083776851
113.51713815814563,28.151905395894175
113.44257160978188,28.241440402031746
113.55339417760636,28.153664904647204
113.50587854670607,28.16672535355315
113.47588850426595,28.161862571989456
113.52875514509525,28.38916988876305
113.50063204983364,28.375770234214606
113.49777188557103,28.377792156009463
113.53401227824381,28.395535108401514
113.5136233642501,28.399922613777708
113.51431294917381,28.362430668765903
113.55118483081915,28.386105322061976
113.3696864742874,28.403698700796067
113.37918346724747,28.36434271455167
113.48073401598748,28.360155091031828
113.3997610105841,28.41829522154332
113.53041175995337,28.419503937370166
113.74494735234391,28.125875857420276
113.73376206065298,28.155562716061784
113.76302916228913,28.153063774954912
113.74988800244468,28.139233970872258
113.75048283975325,28.13097642924458
113.75792519688532,28.15259522845468
113.74317945838189,28.166361993349618
113.79114689312512,28.15678419373244
113.74724248811198,28.126339975164875
113.80987974894545,28.13974109015177
113.74059622319221,28.126486510261874
113.71516087143719,28.1479164260564
113.93750261890702,28.189471432884314
113.96624231467527,28.19408268668804
113.92273012794041,28.21774016810431
113.89345180065536,28.206391767710027
113.9039561038997,28.233530794956483
113.89752861055712,28.211838453746665
113.95706728082773,28.193890600538637
113.95620409647256,28.229677744021064
113.91627955821536,28.231785589696926
113.9288191213544,28.266559173423527
113.9434207462553,28.255550676231703
113.96472579016812,28.213272664815175
113.2525011506232,28.277593590490994
113.25156597130581,28.249905686463602
113.22299612640636,28.26569796615358
113.25020425334638,28.22989359368905
113.26921074433821,28.23307890001812
113.23031883891322,28.254613151909908
113.26303530199573,28.239447161566318
113.40757048187618,28.201636655004496
113.29842377637316,28.25865955487142
113.35162497459275,28.348865491583744
113.32557920088543,28.302653815602103
113.3202486815802,28.29816255080255
113.49677916181118,28.3180507667689
113.46822814791422,28.327468885847978
113.45135494299315,28.29968887058446
113.48528519622052,28.288846638604277
113.46651988650646,28.295104160350025
113.48576718711186,28.327001971924737
113.50457646636318,28.296583710768548
113.46913844576834,28.29488132908201
113.48673978615291,28.281859103169662
113.44930058132152,28.287912427238012
113.51345771340661,28.309818185685163
113.48207970771126,28.328832419113663
113.34060965605782,28.28433662411048
113.35351884424047,28.257743683564314
113.31412270354674,28.265134378604508
113.31153899191008,28.28297557051505
113.30788480370312,28.296152789369092
113.31313484014524,28.297775959439413
113.3750958532396,28.284930550333694
113.37824160398978,28.281979683610547
113.33512464042198,28.32010807470359
113.31662225591273,28.2565450067511
113.39637441809516,28.274206582003124
113.35082942485428,28.295492930009228
113.87065136338342,28.280351685120777
113.83790831612157,28.32728883391313
113.87252097095175,28.299581395443337
113.83378627849633,28.323324602298673
113.82937036733188,28.288167851494535
113.88223197078062,28.28150654800271
113.85317325704939,28.298026913446428
113.84169574980027,28.296567552153437
113.86300526851092,28.28703466959016
113.8422478063296,28.315422549859242
113.92199882220572,28.28685765949649
113.97899870330525,28.20728914982891
113.89577040900885,28.152213522918416
113.90776780416246,28.15725487329806
113.89218952976276,28.12590187763002
113.88510558076847,28.194995482845194
113.91747458600773,28.126339363054292
113.9486527298799,28.13257548095412
113.97649371580118,28.135727778365037
113.85875768504405,28.134530332942848
113.9364246883567,28.13810573328183
113.92919900151543,28.19653620217667
113.9329037658057,28.173744911073346
113.97010538643293,28.208167719498462
113.08906444846667,28.335616525027188
113.12099734881824,28.356424930590396
113.1029076476328,28.36708285257251
113.08608935682496,28.3261103146317
113.01412336483232,28.350823125499033
113.1605657000589,28.39422856068582
112.99596286582891,28.2751620988494
113.07491249273765,28.367779292549603
113.05896683899269,28.38937527749706
113.13015431374069,28.34765880664739
113.04792047825393,28.272543646667224
113.06326317298199,28.411550711944724
113.33737569511565,28.238105218259104
113.36937107526992,28.22103131548656
113.39493744961773,28.22004845617836
113.39298901133357,28.246251160771617
113.36261052624226,28.211574322380898
113.37818918627242,28.21290989029874
113.34145565053635,28.239718442368503
113.32548463867795,28.214632273998188
113.38836334311713,28.20817627811158
113.29772397192211,28.22163467618976
113.32013237153569,28.254486403790086
113.37235019263571,28.3275142032713
113.64080973013904,28.165226116176775
113.65333402114457,28.164144457207925
113.64448182891269,28.164655420088607
113.65239276567279,28.188953390547425
113.65895910641922,28.16794527832221
113.67784081204854,28.171473476620974
113.67925027355066,28.156573503791062
113.70467669838926,28.193624851098967
113.74185612432254,28.209055846598027
113.6711057578668,28.18393527395574
113.66786302284412,28.193806981754758
112.98200306717997,28.135900799881103
113.07725613861777,28.146765289892482
113.02213845006887,28.159933969014173
113.03985470277526,28.14128919325879
113.03651119945211,28.174528295190743
113.0578347151592,28.173161391153915
113.0415050306448,28.16336516623392
113.04605751693262,28.130583549845856
113.01707786870057,28.158902801533532
113.03473398178929,28.16981836844605
113.02956111957594,28.157480406850308
113.06275182691245,28.129365835379293
113.8273285549198,28.336795468618135
113.76482308969022,28.341291923231378
113.82756617317345,28.3335502990561
113.78067119826174,28.338891826838978
113.81369755853513,28.297530177793167
113.80480811011255,28.316196213464625
113.91729725069256,28.312451762750253
113.7895142882731,28.346862235431512
113.90082995154351,28.389980725257207
113.89403130712456,28.390460464178172
113.81219231610993,28.365922310996357
113.97379013602036,28.328492093674583
113.1145281560754,28.267445004268318
113.08676537308409,28.310187695649816
113.10639730484245,28.29810177196263
113.07754195663091,28.296167791218963
113.12194105121816,28.266914137783466
113.06240497654876,28.297440099940644
113.00544354983813,28.243873900947573
113.08539752441412,28.23677731995181
113.10673553496557,28.263430245003676
113.0753567033753,28.239655320673272
113.04239277498772,28.21247275012225
113.04153934968318,28.258491607745615
113.79920797532091,28.263328662677246
113.79388939598684,28.249998748557598
113.8243870314609,28.269003691639906
113.80947777980056,28.278139104996995
113.81792531496454,28.245421706839416
113.85297525990315,28.252805005284305
113.83568527750197,28.27378374965651
113.8392313581504,28.257260217917466
113.8649139219085,28.279001629732694
113.9706651770439,28.284836990167
113.97759951576944,28.172694303876607
113.79509776231079,28.27509167749575
113.39521814768813,28.22492324947313
113.42298279875574,28.20954526293584
113.44185462918337,28.184896842025747
113.45788449439421,28.246000896703965
113.4783880025179,28.172989409400707
113.41853477061932,28.244033560536476
113.44714345674494,28.162399659185052
113.40896337647843,28.21201848838821
113.45648811464915,28.183456540513642
113.42134420363345,28.25409697928934
113.45130679624948,28.254789312276042
113.44858744699107,28.1905774891383
113.59354733603345,28.245843300860063
113.80607012073737,28.370821581439913
113.67289011481331,28.279021948741423
113.61538523939491,28.25365004682931
113.787735082997,28.3380707019553
113.75420470917663,28.345591869241296
113.70434221871024,28.274803980479945
113.82239285681658,28.41963279787495
113.82341490568248,28.27792903312646
113.74676824286074,28.303396115243945
113.70531176316764,28.238466868267896
113.6352779269424,28.250799159508006
113.72823601597955,28.166490632296654
113.7105554102136,28.159264664069926
113.78884231276751,28.134500622159802
113.78051123801662,28.130555210443365
113.73462561784055,28.133865386986052
113.71207575640827,28.162646845929533
113.74185202889264,28.19670071617233
113.70180306998921,28.166226565055105
113.7699013195748,28.159946153235083
113.94070302759346,28.320102570646892
113.89669236688277,28.126979573000146
113.9726831012505,28.158016847543163
113.1464886680671,28.314067725295665
113.14867545301844,28.303391873900633
113.16895607024482,28.331767087256114
113.14675554351595,28.306665381558965
113.1704089635818,28.31594164253746
113.17027929213721,28.333749803574996
113.15348463194763,28.311599318885417
113.14007069490009,28.311652781002334
113.1337773908287,28.31316914793521
113.26032058889888,28.387747498685396
113.33249300897747,28.350558093778233
113.25191544943169,28.353032716599795
113.96254174610733,28.290419299982982
113.92752276176248,28.290833093893898
113.90717820708952,28.302153149721914
113.9195911524467,28.254147658142397
113.95240319580958,28.248072330243545
113.92601517953248,28.25825737014571
113.96167079604943,28.29970318116486
113.9696306500401,28.30735770770578
113.9726351503938,28.239485394855382
113.97280629373842,28.252187691269725
113.95784758748887,28.238505308567927
113.9567584582839,28.246127805600405
113.00399555134537,28.197466581416332
113.04756276855133,28.202518648439405
112.98717121673782,28.220148968014918
113.04437853189455,28.18447937738515
113.01477204644867,28.187285297706595
113.04699027002808,28.203474540810568
113.0303896617829,28.221960702890946
112.98303203480661,28.23424035842013
113.05802741288637,28.18975045026272
113.01442963092155,28.17442710833717
113.05436218939371,28.123706801986327
113.05515075264873,28.144986472948585
113.44564603257062,28.418598875582603
113.39478250077421,28.40838933651127
113.43841659782537,28.40969886525591
113.37133431645482,28.382460895239266
113.40699583749851,28.40765159433219
113.43896435936972,28.408294979423975
113.39487468221284,28.368019569453928
113.3774342788598,28.3903469157506
113.39429665451424,28.37891305595615
113.4134044658811,28.386504054448924
113.38930499828098,28.32063527320218
113.4417664508118,28.368267180133028
112.98049247523407,28.338200407956794
112.99654479896384,28.306688973109242
112.99584661716722,28.315071218229228
112.9971515533087,28.322534996668004
113.00941527465267,28.361267516887697
113.03012650443966,28.366344923957943
113.02711904294195,28.342792550561825
113.00667131078764,28.340558338252016
113.014482586182,28.344596642113025
113.01079821398305,28.384163388826448
113.03414910664756,28.364371903371083
113.0236725501391,28.361415144039903
113.17028416142038,28.246780360857603
113.15872129399821,28.26963668455302
113.14345622639924,28.260168806225842
113.1624265141232,28.25377805553407
113.17286473380867,28.249439942657915
113.15144456874414,28.267867777395
113.08354020603335,28.242512381802463
113.00664993723365,28.133633866910046
112.98838345687983,28.13719087849937
113.08431145638161,28.132750936691902
113.02485690317626,28.181261292666356
113.15311359132379,28.160339092472928
113.60701992527258,28.19476344096132
113.63585017277674,28.204022011659433
113.63684486053869,28.20502014096042
113.64511758319277,28.22045093775752
113.64802479798732,28.21552162000256
113.6248591332449,28.21668417515806
113.60930099160724,28.21634456629506
113.60973588138238,28.242974007844783
113.55250201155259,28.20509173114708
113.5780395634607,28.227537069151275
113.51248245919429,28.228845995972726
113.43730898711051,28.142443262378443
113.33860616268719,28.31128905858463
113.36950464984825,28.2928969151437
113.38276953880833,28.296438061093383
113.35873141309227,28.331372463777228
113.38248832015177,28.292141784839902
113.42041321895583,28.296697279229893
113.4152757571029,28.317858987064863
113.3995791324035,28.30787943045503
113.3211411387099,28.330096142139787
113.34631161280255,28.36505265310081
113.40088700678511,28.3017234507093
113.34508846351935,28.347589534860422
113.63944656743467,28.245000189637715
113.66038575735168,28.21890629377083
113.67918865077338,28.242376163273747
113.68527039852741,28.23421614205031
113.68133643507402,28.255907770789015
113.66706965753242,28.221275715858155
113.93282563980434,28.367793268093333
113.92002505913139,28.36755681703758
113.71579824954654,28.24748059654078
113.8730785332723,28.35738640050844
113.76788268089174,28.26841242352279
113.92844773448074,28.3729217514072
113.8295149638614,28.15556532492179
113.8245082466791,28.12673225852772
113.77754320001935,28.125558506730368
113.787621152496,28.121507641348206
113.79128788184192,28.16182484339123
113.77446893505933,28.157543091732986
113.81455197190589,28.130008023875334
113.77475880778361,28.16502122699538
113.80899210069266,28.164070440095326
113.8095105432928,28.136601042356915
113.8450497739621,28.12430222077943
113.80568545391952,28.153700810528047
113.68539060635293,28.137310485252087
113.66260034028335,28.135543470918233
113.67652000726274,28.123425550514487
113.70790209711238,28.1208821287674
113.65328334473368,28.14129897723405
113.71092553252927,28.120570975959556
113.66369553097933,28.14465698866814
113.66759704433072,28.135213535291058
113.56485521426839,28.30022330048381
113.58420055281232,28.26819973169891
113.5864788190863,28.311535003231334
113.56675857861944,28.297429991647167
113.56933606979997,28.29126116130595
113.58442489143337,28.287502464445076
113.5663025439326,28.285997053463706
113.58932077019081,28.27706329633995
113.51362889886163,28.26741074422446
113.40980126177185,28.215207983238006
113.40870060307896,28.201128584751295
113.32333965940978,28.202317568610056
113.55377678672623,28.35138771676301
113.56457388128307,28.32874442314491
113.57433712155364,28.330452170779086
113.55178356789087,28.349031831025076
113.47969795572274,28.369367278651612
113.44058327156378,28.301519295011985
113.37813288564905,28.25314390228914
113.42406348845182,28.384965223394843
113.13869877698188,28.186248377020725
113.04309141525408,28.155282731512255
113.11297617508352,28.342662554720782
113.37710030940049,28.255650987642387
113.2038206467806,28.33202039965613
113.21780547330837,28.317826819726154
113.2042742813944,28.317022651520748
113.21608283778166,28.330167460392847
113.22414984414138,28.31208536385314
113.22639724752527,28.325005647332233
113.29024194200169,28.339438402981777
113.25104038838855,28.30425445136699
113.28089408358812,28.332250846071265
113.30113575986533,28.38434247117714
113.23167882497147,28.312546201696605
113.33663501071037,28.386308415406425
113.64880383527593,28.348046057528954
113.66263921322876,28.317637787475753
113.65780229365382,28.313125996181295
113.63415934842983,28.31033423156517
113.64658405446549,28.333426291353685
113.67276723269673,28.318582780711925
113.63193805712152,28.316019208432838
113.63826112658673,28.326004542458907
113.65828665288983,28.305830309923362
113.64687217868347,28.31233520720852
113.65284393091189,28.30718343603816
113.70333845762647,28.353914123479957
113.57814721700808,28.145816074985483
113.52515242067997,28.140346459623423
113.60057570388767,28.16555893230596
113.60503781235265,28.175523142723303
113.55310509037814,28.13468842023999
113.57908941452321,28.1777556022739
113.53102861302895,28.130321207338525
113.57795039767676,28.16319364198678
113.58290764213342,28.183209528756052
113.59820378907264,28.13668580076332
113.56187068947193,28.12914652037609
113.5188463558525,28.126899270217574
113.10783066878567,28.17853172549066
113.09151207098665,28.20979055704533
113.0797079802934,28.18311405745313
113.10732894328574,28.210096628469536
113.07561520271248,28.213219209751287
113.06239349155341,28.206544062015418
112.99072548642353,28.137968758447684
112.98218012336625,28.141150091045727
113.10809429992285,28.187903385026054
113.01907418088624,28.201067089184814
112.98882481060843,28.13668440913893
113.08802486258101,28.220399900480665
113.06445117097115,28.31204575226615
113.04429824479422,28.30875487200001
113.02271892702593,28.31547779410239
113.04866215960008,28.310119524793866
113.07062298591693,28.322613450045537
113.04182223394513,28.36164811454286
113.04678826293224,28.340480100478846
113.0161327004379,28.34930571485217
113.04136242355293,28.32761451438051
113.04917701554143,28.34930114226491
113.03408560754686,28.353252926269676
113.01291385980693,28.354151973957645
113.54289847969092,28.24786135618334
113.58685769768917,28.1935782309915
113.54982765675491,28.2217139569143
113.5705562636292,28.25109239773482
113.57859119629067,28.221599430714658
113.57088045939844,28.25939380823459
113.56214245525825,28.201173968124518
113.57103576111543,28.17823269588987
113.57205021321354,28.190073172513646
113.47900744731747,28.18855663829309
113.47207219980301,28.121933357693095
113.51272316829917,28.205929159747974
113.45002826590753,28.267478697050798
113.52106549097473,28.233314506526288
113.42828934043906,28.23098171088419
113.45102197891005,28.229017999270983
113.42470315761628,28.257271083115516
113.42517573743258,28.254570666374207
113.4910699634043,28.224578360423187
113.4669037657415,28.221119139125676
113.46522606268158,28.26476383448668
113.51987522058836,28.251712930384333
113.5196250800415,28.249392394276605
113.47527567309697,28.220200845412315
113.80713007960831,28.217470243745954
113.82138626632599,28.21555379215382
113.82009861093546,28.173714874203643
113.79053920369536,28.182019247466
113.80479456756865,28.180225771443546
113.92281754464254,28.162888607065323
113.78804297571556,28.173369640563248
113.90073766510442,28.189825578203532
113.95545726493569,28.170699350874735
113.94145829817525,28.18481210671863
113.94890686339156,28.197012151427767
113.86125124112115,28.17971840204317
113.86480737733623,28.200666408297913
113.86744470718901,28.260406586502896
113.87338268336818,28.248364099187334
113.85628104103857,28.21872568249877
113.84252311056916,28.25551594260593
113.8793914510593,28.266795085744352
113.8863347112621,28.208470690420604
113.8766629947973,28.26165357834813
113.85104162835499,28.22940198910285
113.85774581053688,28.266448076611326
113.84682063868789,28.246102224912192
113.87978184935315,28.19968125932322
113.05868318146237,28.40373853569993
113.07077372658605,28.363450498685687
113.07642019119932,28.37459849669969
113.06515221469698,28.386484401193407
113.07666123614251,28.389679989347417
113.10425238637158,28.37991077836592
113.0837654332505,28.37843936542345
113.02124835743358,28.389258043248827
113.08263415608265,28.35468021193517
113.02866468809843,28.38014451203466
113.06873117652785,28.359605617211617
113.05574571096534,28.370274947575375
112.99225584334478,28.297670150675888
113.0494849511366,28.267281285165815
113.061850843085,28.29719523298769
113.01881178637068,28.2955398969498
113.04507355848236,28.272659744235636
113.03516176664351,28.295295767388286
113.04988084934067,28.29861948643745
113.05753082796815,28.28182930625993
113.04594180743146,28.263900040781294
113.05403057614117,28.298805592494737
113.02551597375242,28.298767903888503
113.03877685851084,28.21412280928276
113.15508705904594,28.289617591781447
113.17235843119292,28.297354955381845
113.1448557407991,28.27097372808975
113.13900963400624,28.27600962453651
113.29532187031651,28.409213812083493
113.18098564523329,28.286481679122815
113.10854318237632,28.20444601668552
113.15303819781585,28.244357809285976
113.13304225207548,28.209976635658585
113.27089169482072,28.23656810682057
113.20911672281551,28.162193100596014
113.0397364163227,28.205299026389607
113.75835039092871,28.218390725127218
113.73141222555418,28.229196427205792
113.72876303856532,28.225892373454567
113.7432316132426,28.22799869768229
113.83359854954419,28.25248938039009
113.86884408050076,28.1790109168534
113.93550573879772,28.182672019787333
113.85012481786582,28.234045717106653
113.88038208547874,28.224633054584846
113.83538779735196,28.19606437899008
113.87094725752945,28.193296075834013
113.80798686272557,28.181095739619828
113.63259656048801,28.35595830549148
113.62015457648373,28.333436024172507
113.62980166946406,28.3801340227119
113.63147215015219,28.356216733960487
113.61780795304269,28.37958549201306
113.62493637549626,28.38877283372245
113.61693973713847,28.360825948569456
113.71959273002042,28.4111116643411
113.66365786368021,28.374966288836628
113.66609562318438,28.357504536133614
113.6992711735789,28.405534136825153
113.6753536946211,28.411895034444438
113.12600411254762,28.246639065503025
113.13199510970088,28.212357122645543
113.14423453124151,28.24238363048801
113.1611641399717,28.21299497206842
113.15039961661014,28.235175249333658
113.125399866305,28.22769968476136
113.09438767820657,28.22557205489725
113.13070005329286,28.262882786251076
113.1601595551377,28.211998755256964
113.11613515488543,28.217853188285382
113.14510093657995,28.22939645348885
113.15046978903071,28.209902618780806
113.68497869536324,28.304114925990817
113.68690463639919,28.27878058103629
113.65039179415253,28.266324576949824
113.67622207195501,28.281658657442755
113.67405136299291,28.306531369514783
113.6525653695012,28.2973858660315
113.68267446772258,28.30645725360098
113.67891448326249,28.311839471893055
113.66209085994767,28.30992640184791
113.8616549440407,28.409367619073667
113.70158389726213,28.30206368531352
113.92187458595048,28.32397684554548
113.32069570616557,28.1584704468758
113.29696435092517,28.14016377202232
113.27699431596457,28.167324844664872
113.34139220861363,28.165487739013045
113.30382361255005,28.174161257588015
113.29119123446202,28.179665437253117
113.2671123599198,28.163005294326524
113.30798402655509,28.125608480050754
113.33369401280332,28.169614513691744
113.32713801666637,28.184087495019494
113.37431504777568,28.147757491124953
113.29946137052323,28.1448986351208
113.61096383584494,28.286790327959306
113.60793014665913,28.29530597409269
113.62651834697368,28.305035910036818
113.60214765455012,28.310173950789974
113.84381396948515,28.371702652278483
113.84821233585562,28.311398345497157
113.77039824293465,28.29397852934621
113.76721842163603,28.302339654400374
113.19626289008225,28.35255880043276
113.48297991101917,28.39273244266541
113.4698978947785,28.387726804808544
113.48430871540782,28.393490267303832
113.4808043796585,28.378553811956735
113.45341530463324,28.38250840157313
113.43770209496665,28.364003622062754
113.41603628926315,28.361381688439135
113.37486902387218,28.391141973335912
113.49193261148888,28.405334013800218
113.3810129588199,28.33360205031267
113.37979775211993,28.334708933825823
113.41189079195534,28.41022815150076
113.63945998663408,28.136621960844522
113.61018392055843,28.120066534452224
113.60377023700826,28.13389731702235
113.58728953822057,28.125211811780645
113.59692074341751,28.12390364784136
113.6263001181879,28.137274005561412
113.58190213065261,28.138735160900985
113.630604141135,28.149229380780998
113.60435601009956,28.12424942162434
113.47929047863128,28.138269878111704
113.42318503678919,28.13848490324662
113.50489953570684,28.13154083932615
113.23825032125602,28.304947384756737
113.27587407363806,28.306140309969063
113.27861805131519,28.33908090896477
113.23842631529169,28.282510191445212
113.22708093019423,28.30425505340776
113.28559061318754,28.301623921087874
113.3053690277983,28.325185200313644
113.28355517560388,28.320612978797868
113.30156279668745,28.340326152527513
113.33805013938722,28.40410875578813
113.30083176305969,28.340476215542004
113.36403329255998,28.321362759334203
113.87079445498718,28.360802846191348
113.8715234726739,28.35336335054343
113.94930123796752,28.38786926539362
113.91327859150047,28.385725162110024
113.89379898257685,28.379641193784042
113.89044482183975,28.35879430975759
113.90221242922442,28.404857972797366
113.97729116718988,28.393321533174298
113.89544476361193,28.414940967655507
113.86124483129221,28.401856154189975
113.82336144968527,28.417822719737877
113.83203527135332,28.398084705845818
113.68665225832497,28.183669612267185
113.65612880022957,28.208186935476217
113.69586262555202,28.21044122350788
113.96233457770599,28.260529701983724
113.68750389444159,28.199676575511322
113.92827892786234,28.272239931556587
113.93370854567775,28.192204329860978
113.92537479306328,28.291856561156674
113.97033369730157,28.353378543618803
113.88522315934804,28.281044102659887
113.8431841463442,28.153639990977936
113.73110108447263,28.22761869721554
113.77453816695471,28.32041122640299
113.75540991574147,28.30809427985613
113.75972611695965,28.315855274728722
113.77891278102541,28.280668465925416
113.78485469604085,28.302069839533583
113.75315297920304,28.3234348877743
113.77568443436755,28.28760655076771
113.84479999398397,28.266886936638606
113.76822767497639,28.375185585521372
113.79376272857272,28.343254228507956
113.8787574230561,28.28499042468392
113.97810373873281,28.331861005141292
113.19992485604156,28.36327730934947
113.17608895883104,28.360352396145064
113.228423184873,28.400453227143288
113.25371511973721,28.369436721307707
113.20026689724799,28.38365232672134
113.21802253829888,28.40602977643929
113.17965584754359,28.370734062502848
113.20660117993825,28.34046404606257
113.22460433877711,28.341842639490135
113.2408705900419,28.338426941956474
113.21680385502164,28.344625259109133
113.3068273970626,28.36457977174753
113.08525969582077,28.15131381984569
113.09287047499971,28.126452024523243
113.0910110436175,28.152280001787016
113.12254683538987,28.126705046074715
113.11348740899105,28.136932374472412
113.09025741809866,28.124751728833996
113.0911620727654,28.132313218017558
113.03642270688994,28.184520165273444
112.98784610732686,28.13332750855207
113.03606043621625,28.137638644098935
113.14720256286886,28.127378297522064
113.02238151020073,28.123343366601965
113.20803685348737,28.2233900191292
113.21011595209724,28.225670363586758
113.22900316984605,28.202092181856568
113.23496548470364,28.193361420460416
113.20778804229028,28.227369477114838
113.23924670644298,28.217852426263423
113.24395691399499,28.21108604617376
113.21980881165348,28.252787841586233
113.24144724562909,28.194161760483222
113.21419419777017,28.229774684037174
113.21702858758319,28.208779620497516
113.35702997177485,28.275105286901148
113.56856500163822,28.319665138862415
113.43110703931913,28.315624232009608
113.41084943545998,28.305910360293755
113.45294050032302,28.195007165548333
113.44380042009166,28.27043807620806
113.39515767955335,28.30201198112545
113.39201066929243,28.209173522552913
113.40596220503113,28.33787934204097
113.50594221213088,28.30995150389582
113.44607849263168,28.20724648617973
113.39847316956477,28.2168875407662
113.39322342298641,28.29387532228523
113.53109122048821,28.353201964628695
113.51273084910574,28.35007903386133
113.54847125504756,28.32287216257293
113.54382251772853,28.304915942786696
113.53851637985493,28.35424652205712
113.51544783951755,28.27678260159708
113.49423258751031,28.270982746952672
113.41283475471731,28.206656536317368
113.46786611279201,28.193830713083432
113.49310618625381,28.210058137507346
113.51637813777663,28.339553986224352
113.394061619851,28.300633400416384
113.72868069516642,28.30700664523844
113.68835844289838,28.309937630259597
113.72396482603526,28.345463859821642
113.69408074420389,28.36414464589326
113.69691970153113,28.306069079208857
113.72606327771403,28.407760348402
113.6794463165271,28.38981910445083
113.71522588627145,28.336839941265197
113.73268090012563,28.387074263375776
113.7257029941582,28.418214805510242
113.67439545127415,28.409407867040755
113.78076041738053,28.419347692021752
113.15153394321818,28.32692229124734
113.13055673856122,28.32741446676358
113.1503377612535,28.338101649108353
113.15937030536742,28.341091426139226
113.137861388103,28.348684588524367
113.10856240526769,28.311588690482
113.1228073882176,28.311094571898675
113.15490574606315,28.340553218741736
113.12590090310782,28.322212138423176
113.11966362216552,28.319271778244175
113.15745828744458,28.342243329706726
113.15227617857242,28.34668752941439
113.51089497125064,28.264956232304698
113.55844222395945,28.291880786015856
113.49000100613114,28.269172979614925
113.51771650040584,28.29202927057942
113.47903515356333,28.27613434235627
113.52236885901517,28.2859802704935
113.51233150869247,28.26696526198737
113.48538942189427,28.255457389813976
113.52850372508777,28.27462043422528
113.52864643741003,28.267019995851033
113.48434091543375,28.296145030248347
113.47917889597095,28.203208397403877
113.17862286308909,28.186866509480357
113.16026120661482,28.15371333720875
113.17640720110876,28.14822111778159
113.16635124981192,28.145352113320474
113.13710508342992,28.187524071606045
113.15831487180242,28.167392438178886
113.17184050176816,28.13406035792873
113.16015181196262,28.14186902863385
113.18307615972633,28.132382449653516
113.11916372093648,28.120352247762426
113.23890669427095,28.15457938821497
113.17513252174439,28.14363682459829
113.59408601185469,28.411902516876356
113.6097413209188,28.40492692063855
113.64221460910761,28.39028662344775
113.57111536607415,28.41284276108923
113.61475906856477,28.406603463476255
113.53800381934434,28.36155616061874
113.6222039671837,28.384505054998897
113.57848187494314,28.356982506313923
113.58687132429,28.377373848914104
113.57122002865131,28.411286662612213
113.6508955177652,28.41457040892665
113.5532164065415,28.406455101191614
113.85145481851967,28.406662519131373
113.80353717254623,28.4064664706372
113.86682500821041,28.39206142231018
113.85018388230577,28.340759607401253
113.85023565610615,28.369835318184226
113.86724987083481,28.37000941671364
113.8050029581282,28.360432936834737
113.84423922182688,28.352898485695402
113.81483325829245,28.413101354498735
113.86482667431218,28.383063536919302
113.86849373698512,28.378020740788283
113.81944423497937,28.360048370075496
113.44490869259045,28.34667647273322
113.44238926342823,28.39458401530746
113.44071187921186,28.391191136229633
113.44103332472653,28.324915832419606
113.44443608646701,28.324125470675686
113.44349463727852,28.383907157310844
113.44144468475628,28.33547601297564
113.44817191511562,28.383180821946617
113.43896403349902,28.370979947890476
113.45403055827028,28.369834662936093
113.43940615671757,28.354486789475775
113.39836070188774,28.32016643117913
113.65813461245432,28.386709542898615
113.78413175684125,28.371509811925208
113.71167082857119,28.37197922556697
113.76691545167411,28.384682678221694
113.65838310093297,28.396928829368797
113.72576096034695,28.41055116050588
113.74263068144003,28.38917404529092
113.68241729737838,28.380946692825596
113.7421456272795,28.374767594527206
113.7828778496113,28.409777840766242
113.75428015476102,28.359766026371492
113.79953531465,28.39601121849528
113.78268032981467,28.228554296417144
113.78381285608883,28.20467284344002
113.77175431186014,28.21588422458757
113.88961345945793,28.239817541715876
113.84431965861152,28.2440240208327
113.82161540707928,28.23315417967434
113.90806120033258,28.169739607283955
113.94413685882098,28.233174385645082
113.89292174354846,28.216874602640154
113.82917676597265,28.1518864447824
113.85661758098539,28.193556619672275
113.9309209711259,28.209370771696562
113.4382045674632,28.13401681801129
113.38882093300849,28.146252225670164
113.43096841178068,28.120482374028406
113.3512227348158,28.12066580732507
113.3628577965655,28.130388452340934
113.3833479318996,28.129409595925463
113.36344595330775,28.122976954472563
113.4348167709712,28.12190093536199
113.46118555766672,28.157822442771273
113.40707357137678,28.129930660222886
113.36666491474688,28.13845551118711
113.43752668350538,28.173850598797422
113.62250597472558,28.162622114597045
113.62306249514914,28.1718250208425
113.60590509025945,28.17077168733156
113.62297507548428,28.184966373527356
113.52633705839172,28.179396820022752
113.48268105582282,28.185540477020876
113.54132650256709,28.16749877097542
113.60601139075246,28.173919882053553
113.40047237287983,28.1683718510105
113.36416208919995,28.1238284134975
113.5547965502916,28.19554962592548
113.41985461760318,28.134202220330973
113.08459993228449,28.252682977239477
113.02571500554862,28.238232478646832
113.0210556164255,28.239365273087447
113.08209703768215,28.26051256684211
113.0888557424781,28.256611783865832
113.0859295629745,28.265233392681584
113.04709628912615,28.21857988730808
113.03594076077859,28.226882702286275
113.05466783654497,28.2574483900393
113.07511799149711,28.232053177397944
113.04630425090706,28.245718678660225
113.05257174387526,28.250101781542448
113.56090008411516,28.34972591867086
113.58575110119871,28.34599074315365
113.58264701387513,28.38296123646805
113.64484421531984,28.3900073458825
112.9868996872914,28.344044742871247
113.2170012814192,28.155266631657366
113.08380227034137,28.170808217888837
113.46817054572219,28.37326758671448
113.21276137605511,28.27375314187118
112.99733217733043,28.2533483307356
113.16247614120941,28.328264211589183
113.52001116978296,28.38738067800604
113.18388164460279,28.316216259028185
113.18433184199614,28.285183452236
113.20231024220544,28.30578224168264
113.22149142925662,28.27024236392045
113.1855638698828,28.300370090282723
113.2184282388071,28.30389498011882
113.26960786484193,28.34708997233371
113.18853838276335,28.324293976896413
113.3427147920473,28.407680778964295
113.34324918576698,28.41884879243431
113.35762424785472,28.251394542160153
113.23659077604647,28.313782371537734
113.2846302162902,28.255333219593428
113.2625556923729,28.283445250750628
113.28193720233747,28.24487796048473
113.27154579665847,28.276491831014695
113.26198435770984,28.273421124957917
113.27772713385785,28.242295771643086
113.37702260014112,28.28598596701683
113.35135868976627,28.263869063512352
113.34818561907198,28.283020734299992
113.28014421159583,28.28152475045267
113.35453850354702,28.301734365034573
113.36247041667404,28.251144146733136
113.91395530596473,28.312320322647466
113.90037807491152,28.32649022980983
113.90149123042019,28.343888276310782
113.95023214882042,28.36420092764186
113.86535720246594,28.342445599813338
113.96749056090937,28.37212606341767
113.8506047383699,28.335917209597685
113.94117613606637,28.33600678272981
113.97737536223995,28.36592427798863
113.9517981585304,28.29789970834416
113.95980289037676,28.29006031882651
113.91376588675323,28.291395461440892
113.1091212763848,28.378669217038283
113.17105093079688,28.3921267264981
113.17051082442548,28.415351143122336
113.13220577833441,28.369090734879414
113.1297008431753,28.37579726066234
113.14431917488587,28.354470408371572
113.1657297047324,28.360967517863802
113.11995873912247,28.36619859375745
113.16596917861382,28.39205852905845
113.14390470973231,28.41089697594811
113.26436798622925,28.40605425077538
113.21409364683366,28.411374106779057
113.19607896029399,28.142680092325765
113.17784883562595,28.121211325701864
113.25960560407113,28.144533501300916
113.19496143686217,28.141798276147046
113.24470559447043,28.13349804645251
113.2247741406041,28.164606936757437
113.17801929727392,28.12282204792599
113.19983315964853,28.138682917959212
113.23494181636394,28.13979817115415
113.22365991259139,28.16434769884395
113.26396608692905,28.152219467618004
113.2564683844791,28.14267574721942
113.75420318873003,28.287568916305425
113.7511056929276,28.291724800044683
113.7523668112547,28.24940809057106
113.72908130417835,28.23737557642467
113.72513025246715,28.282823114545245
113.71132860480131,28.28152247505623
113.72142910455993,28.28025497949204
113.84055650732914,28.3141934768611
113.76925632857221,28.26632131938351
113.89553038885857,28.320702598359777
113.91823030606663,28.382614476530946
113.72391897126654,28.277672716660227
113.29752308407592,28.39505380673656
113.3008189057835,28.405034678231935
113.28674975355506,28.40069012620328
113.28730543301916,28.402384374774257
113.25840279999653,28.41543374122344
113.33548346069085,28.41578703811509
113.2975611040619,28.405444790545246
113.3305233094101,28.396758255182704
113.28161477897766,28.40186274128262
113.30174385126112,28.353729110850846
113.30619727611723,28.40682375030282
113.30975448440665,28.387417045355217
113.20077028541245,28.264042674278162
113.18021876437646,28.251521287102726
113.18575731252051,28.246047384127724
113.21190007651771,28.267650027018544
113.33911427629828,28.229211143438036
113.28311827462764,28.30069265661924
113.25228685779493,28.27298659977561
113.22951463605207,28.161052962678344
113.2619845292924,28.314355636860302
113.084049752735,28.18449533230133
113.24664273612998,28.2390399943638
113.1352585042801,28.213568435875576
113.90327891819794,28.41474593709729
113.9755969880696,28.37133152800663
113.93140473624243,28.410139129364403
113.96701265979897,28.41869015901024
113.91853192960095,28.410697022199912
113.96585486852838,28.37174605693272
113.91706330540032,28.360216153214783
113.93451057928158,28.367568522124213
113.9147072399117,28.41446151382228
113.89484876983069,28.414501324941
113.91136735238656,28.367739093125458
113.93403682863324,28.35272327907483
113.34422422792467,28.193895802808854
113.30768839887187,28.194343803115405
113.32222009824646,28.196056655325084
113.2924620013981,28.184396317364072
113.2684537851367,28.20275768478304
113.28173834187697,28.209085619807514
113.35710722701978,28.198257118155333
113.31968025849214,28.214746429315248
113.3816836440503,28.246638697102934
113.34310984691626,28.12120511259869
113.35667862807297,28.25845900317497
113.40020234309863,28.19358369764326
