第1个簇中心:
113.76069214218182,28.20699264345415)
簇内点:(size==5个)
(113.72655907202491,28.222644003025483)
(113.77268402753361,28.201157780912425)
(113.77869532710801,28.203444755846693)
(113.75944921954421,28.209752298428548)
(113.76607306469833,28.197964379057634)
第2个簇中心:
113.76069214218182,28.20699264345415)
簇内点:(size==5个)
(113.72655907202491,28.222644003025483)
(113.77268402753361,28.201157780912425)
(113.77869532710801,28.203444755846693)
(113.75944921954421,28.209752298428548)
(113.76607306469833,28.197964379057634)
第3个簇中心:
113.04891690204485,28.261808768244777)
簇内点:(size==10个)
(113.03443381041937,28.26759691288342)
(113.0490176657091,28.26849907752599)
(113.03583124592703,28.229804929250186)
(113.07608549977095,28.26190361345446)
(113.04045740197513,28.26024451758951)
(113.04044854081485,28.256721504924677)
(113.03705903915655,28.251951469252404)
(113.06726851512275,28.27279603090687)
(113.0525596988021,28.273619058386018)
(113.05600760275061,28.274950568274242)
第4个簇中心:
113.71506567093397,28.376580279268868)
簇内点:(size==8个)
(113.72441465160608,28.358084515403704)
(113.71546224197614,28.36264141103396)
(113.6946919414082,28.3857809094695)
(113.72322434144833,28.404270652159678)
(113.70961961774047,28.360804598549866)
(113.71629424568759,28.37042060777986)
(113.72238752974971,28.386042238200968)
(113.71443079785531,28.38459730155341)
第5个簇中心:
113.34696222586798,28.284469759095813)
簇内点:(size==8个)
(113.35424775042964,28.277132559474115)
(113.34887381426684,28.29187918020647)
(113.35020483758156,28.2882051403767)
(113.32252290589099,28.295458278608265)
(113.35582477884466,28.287523976712578)
(113.3720898266129,28.290921346088524)
(113.33272843914686,28.27726529846559)
(113.33920545417054,28.26737229283431)
第6个簇中心:
113.78196104560449,28.137290608850023)
簇内点:(size==12个)
(113.75787863326622,28.126545604459782)
(113.77573856564494,28.1602813981868)
(113.77331431357273,28.141311559744853)
(113.80638543448866,28.124089195730736)
(113.80996828822146,28.125982914813665)
(113.77963506580136,28.135889953436227)
(113.82184519466452,28.13528731137239)
(113.77830654764881,28.14689668840282)
(113.78195361002942,28.143852789213614)
(113.75032821475916,28.13704738941449)
(113.76322511686999,28.12768043026925)
(113.78495356228686,28.14262207115562)
第7个簇中心:
113.28784957508918,28.394202009025435)
簇内点:(size==6个)
(113.28482396001849,28.419489817680784)
(113.29031448117068,28.411758688792624)
(113.30674463666644,28.391905867706463)
(113.27838053879049,28.389789046652343)
(113.28740572547116,28.37133895100924)
(113.27942810841785,28.380929682311137)
第8个簇中心:
113.89719578776106,28.370651941717437)
簇内点:(size==9个)
(113.91758616408987,28.372736271569586)
(113.87437347269876,28.387609877151895)
(113.88305226428764,28.359560039562943)
(113.9022621067436,28.362106364286106)
(113.91177651415573,28.377222741121802)
(113.88670565679742,28.38661268274962)
(113.90369853385202,28.3770405965482)
(113.90409023596004,28.367015067358956)
(113.89121714126468,28.34596383510782)
第9个簇中心:
113.92898904298399,28.277791310022344)
簇内点:(size==4个)
(113.90067710637355,28.273893378319226)
(113.94271553896439,28.285450168431222)
(113.92590843979849,28.276871322562503)
(113.94665508679951,28.274950370776416)
第10个簇中心:
113.62174072098567,28.366402676226677)
簇内点:(size==9个)
(113.64268332126706,28.38731933656749)
(113.5885867786598,28.373842038619813)
(113.61932706147988,28.387035066906293)
(113.59874235377931,28.366113305321726)
(113.64200917835741,28.3527997164105)
(113.59842010509215,28.36055003347176)
(113.629702586566,28.38729699934899)
(113.63778379626729,28.33915361482098)
(113.6384113074021,28.343513974572506)
第11个簇中心:
113.84079306057839,28.38928618821511)
簇内点:(size==8个)
(113.85758738371658,28.36785351709695)
(113.84042958950407,28.407396194639666)
(113.8343673201302,28.405210658756584)
(113.85088706632338,28.40583329978822)
(113.85164319553105,28.367723747814768)
(113.82703758342988,28.389282442198347)
(113.83331633128137,28.38508336352174)
(113.83107601471066,28.38590628190458)
第12个簇中心:
113.67578704495463,28.34637921234007)
簇内点:(size==12个)
(113.68261020955876,28.341274134826254)
(113.6721115539642,28.36472052512269)
(113.68952300588074,28.35163441902117)
(113.66229864594614,28.36463742982114)
(113.66389786439086,28.33293133932265)
(113.65040585202189,28.347963591148098)
(113.70025796068171,28.353045206516978)
(113.68092446493687,28.334821470766872)
(113.68742520206384,28.353538385018293)
(113.65558563611036,28.343394514831182)
(113.6925126793821,28.343641284702343)
(113.67189146451797,28.324948246983208)
第13个簇中心:
113.44445604945506,28.394646361429942)
簇内点:(size==8个)
(113.44746458634576,28.417803968250578)
(113.43983527138595,28.41737193853966)
(113.43640838589943,28.40684765470598)
(113.45279953350307,28.362734338496367)
(113.43558486136587,28.396537607094235)
(113.43418509569048,28.379464234351246)
(113.45764182767742,28.410097986004537)
(113.45172883377239,28.36631316399692)
第14个簇中心:
113.96736641376938,28.274952121387344)
簇内点:(size==8个)
(113.97291162676996,28.288129525168777)
(113.95288562994735,28.26739583251368)
(113.9755197143304,28.27472702380864)
(113.9564201462695,28.288206179211713)
(113.9593506173052,28.28535124976469)
(113.9774563982209,28.269402631128003)
(113.979911782929,28.248990754806066)
(113.96447539438283,28.277413774697166)
第15个簇中心:
113.70404350721834,28.30426317641262)
簇内点:(size==11个)
(113.70431678256827,28.286599513651865)
(113.69028621934277,28.29588368980805)
(113.72489647119555,28.303342285530213)
(113.71863338425229,28.331027409594764)
(113.6955536663626,28.304212824930442)
(113.6971094083469,28.273558815960477)
(113.68493389771925,28.31623074894607)
(113.71289679269897,28.311769037436527)
(113.67802448303388,28.311811997951768)
(113.7226894528904,28.31069586134367)
(113.71513802099092,28.30176275538496)
第16个簇中心:
113.01278598181658,28.281379958549504)
簇内点:(size==12个)
(113.01774696420185,28.254298537139487)
(113.03214094426033,28.31117598363293)
(113.00061983176957,28.25601087658422)
(112.99244792037283,28.271812102958222)
(112.99433642064704,28.254541658664415)
(113.04017337616104,28.291799825668452)
(113.00637533587397,28.283347571461427)
(113.0028879088783,28.30113468368232)
(112.99029555732686,28.311855410593516)
(112.99581273197161,28.236736231356247)
(113.04366395638148,28.311748315950997)
(113.03693083395396,28.292098304901796)
第17个簇中心:
113.73636085038814,28.172095494795336)
簇内点:(size==10个)
(113.71958300142008,28.16799096633355)
(113.7551056567432,28.16695651661908)
(113.74831420369189,28.190726808866106)
(113.72536136995352,28.18529664868879)
(113.74167300767934,28.18004561202068)
(113.74494091660723,28.18065599166456)
(113.72970863253161,28.1463085744073)
(113.7205975166129,28.169209668575796)
(113.73178639541784,28.16990540231548)
(113.74653780322379,28.16385875846202)
第18个簇中心:
113.92442625899885,28.214034607098842)
簇内点:(size==6个)
(113.91143409290247,28.20909291693462)
(113.92942218767112,28.209263715081885)
(113.95277427973889,28.223996484273354)
(113.911231226377,28.217586562845813)
(113.92242321655492,28.195298460213326)
(113.91927255074876,28.22896950324406)
第19个簇中心:
113.67092586792812,28.402587423171493)
簇内点:(size==9个)
(113.66143591820064,28.381515866240488)
(113.67948145444541,28.41017198174096)
(113.6703823732523,28.379727988052345)
(113.69430754469896,28.4116671070606)
(113.63438033789527,28.412640498698025)
(113.67568989830745,28.409539734805808)
(113.66885286587846,28.404877658856627)
(113.66963653535765,28.4195363729959)
(113.68416588331701,28.393609600092695)
第20个簇中心:
113.2490594800659,28.399925957821626)
簇内点:(size==10个)
(113.26849078964699,28.40255463827229)
(113.24966799787504,28.403678819763318)
(113.23361308074145,28.387615365233746)
(113.26425397281884,28.412326174887664)
(113.26593698538605,28.403582283399057)
(113.24631764777567,28.38904175021399)
(113.22815610332756,28.38813556063097)
(113.25821466480208,28.4118652525173)
(113.22794126700126,28.406550658363948)
(113.2480022912841,28.39390907493398)
第21个簇中心:
113.20915657394846,28.35660253586922)
簇内点:(size==5个)
(113.22534067031643,28.370484124550952)
(113.20678494834226,28.347481022036124)
(113.20249804327906,28.37061666093561)
(113.19621813093654,28.352883003723814)
(113.21494107686804,28.3415478680996)
第22个簇中心:
113.10180441396002,28.336028036069887)
簇内点:(size==10个)
(113.08929532089223,28.360042067928937)
(113.11113655725977,28.323703514035145)
(113.12600831813079,28.310210308476478)
(113.11286168002486,28.346499234907274)
(113.06123448951739,28.31492424815166)
(113.08176979142654,28.330269207408747)
(113.09017712102856,28.331988679552868)
(113.09799545375513,28.338561072486307)
(113.13426289968253,28.347829051688965)
(113.11330250788258,28.356252976062514)
第23个簇中心:
113.25057962132496,28.318163831758348)
簇内点:(size==10个)
(113.25307481112124,28.333091744698024)
(113.22003674400325,28.32067510294666)
(113.24155911454545,28.31040744994049)
(113.2428890587902,28.331996176109552)
(113.25880896852766,28.300046004871824)
(113.26541276137756,28.30850983079011)
(113.2556771188752,28.323374180821343)
(113.25941074911924,28.318838136533188)
(113.24655338949202,28.326143739740953)
(113.26237349739779,28.308555951131307)
第24个簇中心:
112.99549217779536,28.403832667389537)
簇内点:(size==6个)
(112.98166511049378,28.40757974898678)
(112.98483139437681,28.407685650696706)
(113.01089848805285,28.40346497047165)
(112.99619905921276,28.38800085539848)
(113.00411426634598,28.396542814656716)
(112.99524474828995,28.41972196412689)
第25个簇中心:
113.87113021392435,28.306748020150756)
簇内点:(size==8个)
(113.89478826155171,28.323570065775733)
(113.86540305271448,28.28431627780894)
(113.87747005211462,28.305486866264896)
(113.86422038175823,28.30641941340917)
(113.8483836500364,28.307538339780344)
(113.880075941744,28.32043336050769)
(113.84794785768624,28.30792587173654)
(113.89075251378898,28.298293965922774)
第26个簇中心:
113.40860700104923,28.37564043794866)
簇内点:(size==8个)
(113.40873140497317,28.386719011995602)
(113.41317694570881,28.37204059422272)
(113.39080134012204,28.37642750898713)
(113.42046582601247,28.372351242880125)
(113.42957124343481,28.37341156003666)
(113.37587001782289,28.38089129810786)
(113.42496407127037,28.366370434443063)
(113.40527515904947,28.376911852916123)
第27个簇中心:
113.75995583162664,28.368630250704186)
簇内点:(size==12个)
(113.75175366763422,28.374419212202074)
(113.76069054647043,28.34889576725247)
(113.78070109983442,28.36992653395652)
(113.75098224326554,28.40502448043074)
(113.7570595676118,28.369682735924346)
(113.75774510215302,28.393279935624196)
(113.73905578918331,28.369237447763503)
(113.77916460904972,28.353023909033634)
(113.7571664800036,28.346785685258464)
(113.7542372611532,28.369890509220447)
(113.76935457983058,28.355051908638693)
(113.76155903332993,28.368344883145117)
第28个簇中心:
113.732447840806,28.26611532439897)
簇内点:(size==6个)
(113.75416076965745,28.25470400086897)
(113.72251626454386,28.252806772224424)
(113.73047840928575,28.27823494438766)
(113.72198990929515,28.278484527193637)
(113.73448600781545,28.26488202050623)
(113.73105568423846,28.2675796812129)
第29个簇中心:
113.82227637529222,28.298389941003677)
簇内点:(size==6个)
(113.81964428959598,28.304802543143268)
(113.8096958888362,28.302878016152327)
(113.8376022494229,28.297460991542554)
(113.81085852361514,28.289882922620567)
(113.82239400642072,28.296724877237153)
(113.8334632938624,28.2985902953262)
第30个簇中心:
113.89972790439036,28.180196208459662)
簇内点:(size==11个)
(113.87079000399464,28.185739842668546)
(113.89301124026011,28.177685251800945)
(113.92402987508977,28.151612883207914)
(113.87586552009637,28.174903969055077)
(113.90454798310017,28.171816078243495)
(113.87436411021596,28.192429916489605)
(113.89045918484366,28.18053826805182)
(113.92602794947867,28.178542364029134)
(113.92531726747326,28.186326048016674)
(113.90537145572424,28.18664242188957)
(113.9072223580169,28.195921249603494)
第31个簇中心:
113.85561318913838,28.335265555138523)
簇内点:(size==10个)
(113.84644846054675,28.33991999446784)
(113.86851419969022,28.333517740420817)
(113.86590791667766,28.341560333418016)
(113.86819331442979,28.328984419930915)
(113.86008213794724,28.32710142274035)
(113.84187722372177,28.325883170210226)
(113.84084904748723,28.320547863146363)
(113.86159650284428,28.335345803657077)
(113.83418719769264,28.355328706478787)
(113.86847589034618,28.344466096914804)
第32个簇中心:
113.85307846319586,28.244774058110536)
簇内点:(size==12个)
(113.89120523416351,28.24662486401205)
(113.86392003645153,28.270878335411368)
(113.85917965813324,28.24871638326274)
(113.85207862742591,28.239028609267216)
(113.85586729494018,28.22427921544869)
(113.84398097251153,28.24212883084598)
(113.8455248785157,28.248349060452878)
(113.83774408752409,28.22892231900211)
(113.82138364348263,28.22742416024787)
(113.83441402332369,28.2461956148443)
(113.86401316567283,28.25579507924006)
(113.86762993620562,28.258946225291183)
第33个簇中心:
113.40277910128762,28.407688272276946)
簇内点:(size==7个)
(113.39562697187279,28.40313733847996)
(113.39435100615475,28.39363640304519)
(113.42256934039415,28.40738601804237)
(113.39923570699071,28.415314732918677)
(113.40409487529043,28.406099333946905)
(113.38148045000672,28.41919533210085)
(113.42209535830382,28.409048747404693)
第34个簇中心:
113.31294061163699,28.332853470960302)
簇内点:(size==11个)
(113.3371397245906,28.33299359353584)
(113.3068093051566,28.33946498013864)
(113.29415879745338,28.350783318188903)
(113.30431769004419,28.320432917821606)
(113.32691134862787,28.346556187933466)
(113.33785165296344,28.32279869822354)
(113.3022998736292,28.34918823889686)
(113.28496746864899,28.32630382291178)
(113.33248286121288,28.324382560590028)
(113.3223052475009,28.306731008806192)
(113.29310275817889,28.341752853516493)
第35个簇中心:
113.826488909691,28.26887727708085)
簇内点:(size==10个)
(113.84360832243976,28.2779704151209)
(113.82072581251377,28.241775873850642)
(113.81471100486601,28.274300333166575)
(113.82220992135466,28.27005082885119)
(113.81558737362157,28.27334749313561)
(113.82100049513284,28.2721091258499)
(113.84696054936653,28.266779262415778)
(113.81140372203015,28.277787099674324)
(113.82902144037325,28.254712434757945)
(113.83966045521127,28.279939903985586)
第36个簇中心:
113.26096259125744,28.353077637790033)
簇内点:(size==9个)
(113.2768652479319,28.34871846643487)
(113.25285422255541,28.36152293401118)
(113.26574757647936,28.349938815357458)
(113.24087887333494,28.344006764792425)
(113.28417698975343,28.343269552434368)
(113.25860730363696,28.356206883175027)
(113.26629152333219,28.34243885400647)
(113.25410659225685,28.358629318643658)
(113.24913499203606,28.37296715125481)
第37个簇中心:
113.96851916967697,28.392463870259313)
簇内点:(size==8个)
(113.95489976875407,28.419573447745574)
(113.97529794578784,28.41196191681413)
(113.95382393049577,28.375357858905712)
(113.97093352325467,28.37884009326514)
(113.97162495021156,28.41636014653419)
(113.97344709908278,28.403910844195487)
(113.97674096900188,28.365393466535153)
(113.97138517082719,28.368313188079128)
第38个簇中心:
113.28099834223288,28.293371912597742)
簇内点:(size==5个)
(113.29165395955505,28.31192958639151)
(113.2792613504492,28.299279637852074)
(113.27409066892325,28.284864197553553)
(113.30598656591685,28.298902325321436)
(113.25399916632004,28.27188381587015)
第39个簇中心:
113.18423914472936,28.39927524361262)
簇内点:(size==11个)
(113.21631095653107,28.403815055877477)
(113.16017674328525,28.387129443313846)
(113.14659596361237,28.415112475664348)
(113.16468131591684,28.367264149200196)
(113.17116681564491,28.41432044273966)
(113.2045570850855,28.39463874255379)
(113.20086130477624,28.412980835298587)
(113.18439847120048,28.404176698837723)
(113.21051964205299,28.41419617248962)
(113.19333946106744,28.386029784666746)
(113.1740228328499,28.392363879096806)
第40个簇中心:
113.96059335906614,28.314786673397208)
簇内点:(size==7个)
(113.9778990709699,28.301576439977403)
(113.96511872119834,28.323489354076713)
(113.94623249290342,28.299242232374286)
(113.94310964743934,28.323214193779584)
(113.95628705655707,28.309172849941984)
(113.97863864645558,28.334233616627014)
(113.95686787793943,28.31257802700348)
第41个簇中心:
113.33032390858753,28.234218599100107)
簇内点:(size==11个)
(113.31858679268315,28.24748027831157)
(113.35153752818296,28.20638019182652)
(113.33168516146677,28.20589742230586)
(113.3242064325303,28.199781460745292)
(113.33018425553087,28.260571610036667)
(113.34561849354256,28.223151477227727)
(113.32893819822414,28.238845777547514)
(113.35653577084491,28.252808567864044)
(113.30743090719861,28.2425232539921)
(113.31624176556285,28.237305768427245)
(113.32259768869568,28.261658781816667)
第42个簇中心:
113.10866793551341,28.395222271178987)
簇内点:(size==10个)
(113.09201057921537,28.41901192999261)
(113.0913779504313,28.37701592435614)
(113.09659933991946,28.417396848445982)
(113.10025674061603,28.387843075993676)
(113.13806819371248,28.374538962901333)
(113.13381149757423,28.417307569911564)
(113.14046280314813,28.372083806483076)
(113.0986300865005,28.389232232161813)
(113.10269350748054,28.39845439135394)
(113.09276865653597,28.399337970189805)
第43个簇中心:
113.21181539340633,28.28706656019609)
簇内点:(size==11个)
(113.2267126663371,28.288888917793646)
(113.1741164342243,28.278653222424012)
(113.24445752062951,28.27495109442033)
(113.20917860392866,28.269632934182237)
(113.20654195860662,28.286571304429934)
(113.21292285273891,28.284581808154666)
(113.20379630910038,28.308733567877884)
(113.20378049350383,28.305390247169225)
(113.20464163631063,28.277391628662375)
(113.2219488529598,28.293826155497527)
(113.22187199912995,28.289111281545154)
第44个簇中心:
113.49113728221258,28.39605618685733)
簇内点:(size==5个)
(113.4968573519116,28.41544541672569)
(113.49461288025428,28.393060621532793)
(113.48607413573512,28.374859196133915)
(113.49554886064429,28.401823035882302)
(113.48259318251749,28.39509266401194)
第45个簇中心:
113.35198179001365,28.35057817217944)
簇内点:(size==9个)
(113.35631527692775,28.35235096650842)
(113.33499657350224,28.368241461562842)
(113.36572877041533,28.342827657712206)
(113.3562014699781,28.351375130839916)
(113.34262109669541,28.36323487111738)
(113.35426114554068,28.334155265381106)
(113.34975743281795,28.344649521031446)
(113.36288003124353,28.353892815047622)
(113.34507431300182,28.34447586041403)
第46个簇中心:
113.20993265672364,28.247564420002863)
簇内点:(size==10个)
(113.20282261355675,28.25013584179732)
(113.22563526041552,28.22771346064311)
(113.19220975045003,28.260545859216066)
(113.22945581333347,28.25352196597185)
(113.20341009878635,28.245356061126973)
(113.23227244530213,28.25616885274257)
(113.2329856762882,28.237707887686383)
(113.20044875134161,28.24709590425088)
(113.2074484771728,28.234907957471986)
(113.17263768058979,28.26249040912149)
第47个簇中心:
113.77935348779745,28.28511676192761)
簇内点:(size==5个)
(113.77950428168616,28.26875019361802)
(113.79150230788306,28.299546404552387)
(113.76395902040494,28.286456552080736)
(113.79173940283896,28.2908133663739)
(113.7700624261741,28.28001729301303)
第48个簇中心:
113.33668367676479,28.397313802011272)
簇内点:(size==11个)
(113.33222937124832,28.404278600582764)
(113.32808813285111,28.390358769856572)
(113.32568391802421,28.400677991880475)
(113.32052194092381,28.380169243395645)
(113.32468011799814,28.403663648502725)
(113.35076302443183,28.397829022709583)
(113.36002503856704,28.385403226199983)
(113.3368453423984,28.372633572619957)
(113.32880763684221,28.418860305393366)
(113.35271690717893,28.410859545784458)
(113.34315901394878,28.405717895198528)
